00000 00000
00001 00011
00010 00010
00011 00001
00100 00200
00101 02011
00110 00110
00111 01001
00200 00100
00201 01011
00210 00210
00211 02001
01000 02000
01001 00111
01010 01010
01011 00201
01100 12200
01101 02111
01110 11110
01111 01201
01200 22100
01201 01111
01210 21210
01211 02201
02000 01000
02001 00211
02010 02010
02011 00101
02100 21200
02101 02211
02110 22110
02111 01101
02200 11100
02201 01211
02210 12210
02211 02101
10000 20000
10001 20011
10010 20010
10011 20001
10100 20200
10101 22011
10110 20110
10111 21001
10200 20100
10201 21011
10210 20210
10211 22001
11000 22000
11001 20111
11010 21010
11011 20201
11100 02200
11101 22111
11110 01110
11111 21201
11200 12100
11201 21111
11210 11210
11211 22201
12000 21000
12001 20211
12010 22010
12011 20101
12100 11200
12101 22211
12110 12110
12111 21101
12200 01100
12201 21211
12210 02210
12211 22101
20000 10000
20001 10011
20010 10010
20011 10001
20100 10200
20101 12011
20110 10110
20111 11001
20200 10100
20201 11011
20210 10210
20211 12001
21000 12000
21001 10111
21010 11010
21011 10201
21100 22200
21101 12111
21110 21110
21111 11201
21200 02100
21201 11111
21210 01210
21211 12201
22000 11000
22001 10211
22010 12010
22011 10101
22100 01200
22101 12211
22110 02110
22111 11101
22200 21100
22201 11211
22210 22210
22211 12101